2011-07-27 617.18 620.95 604.75 607.22 3934400 607.2 
2011-07-26 618.05 627.50 617.22 622.52 2342900 622.5 
2011-07-25 613.36 625.41 613.00 618.98 3131600 618.9 
2011-07-22 605.39 619.50 604.27 618.23 3528200 618.2 
2011-07-21 594.03 608.06 594.01 606.99 3469500 606.9 
2011-07-20 602.18 602.83 595.35 595.35 2227800 595.3 
2011-07-19 596.14 604.68 595.53 602.55 2967500 602.5 
2011-07-18 592.49 602.05 592.00 594.94 4468300 594.9 
2011-07-15 597.50 600.25 588.16 597.62 13732100 597.6 
2011-07-14 539.12 542.00 526.73 528.94 6594400 528.9 
2011-07-13 537.00 544.00 536.48 538.26 2790200 538.2 
2011-07-12 528.16 539.42 526.00 534.01 2841200 534.0 
2011-07-11 528.18 535.98 525.50 527.28 2839300 527.2 
2011-07-08 532.95 537.65 527.27 531.99 4770200 531.9 
2011-07-07 541.00 550.68 535.88 546.60 3935500 546.6 
2011-07-06 533.50 538.51 533.04 535.36 2695600 535.3 
2011-07-05 525.30 535.40 525.30 532.44 3849200 532.4  
